# This file may be used to create an environment using:
# $ conda create --name <env> --file <this file>
# platform: win-64
# created-by: conda 25.9.1
asttokens=3.0.0=pyhd8ed1ab_1
blas=1.0=mkl
bottleneck=1.4.2=py39hc99e966_0
bzip2=1.0.8=h2bbff1b_6
ca-certificates=2025.10.5=h4c7d964_0
colorama=0.4.6=pyhd8ed1ab_1
comm=0.2.3=pyhe01879c_0
contourpy=1.3.0=pypi_0
cpython=3.9.23=py39hd8ed1ab_0
cycler=0.12.1=pypi_0
debugpy=1.8.16=py39h1f3cc84_0
decorator=5.2.1=pyhd8ed1ab_0
exceptiongroup=1.3.0=pyhd8ed1ab_0
executing=2.2.0=pyhd8ed1ab_0
expat=2.7.1=h8ddb27b_0
fonttools=4.60.1=pypi_0
importlib-metadata=8.7.0=pyhe01879c_1
importlib-resources=6.5.2=pypi_0
intel-openmp=2023.1.0=h59b6b97_46320
ipykernel=6.30.1=pyh3521513_0
ipython=8.18.1=pyh7428d3b_3
jedi=0.19.2=pyhd8ed1ab_1
jupyter_client=8.6.3=pyhd8ed1ab_1
jupyter_core=5.8.1=pyh5737063_0
kiwisolver=1.4.7=pypi_0
krb5=1.21.3=hdf4eb48_0
libffi=3.4.4=hd77b12b_1
libsodium=1.0.20=hc70643c_0
libzlib=1.3.1=h02ab6af_0
matplotlib=3.9.4=pypi_0
matplotlib-inline=0.1.7=pyhd8ed1ab_1
mkl=2023.1.0=h6b88ed4_46358
mkl-service=2.4.0=py39h827c3e9_2
mkl_fft=1.3.11=py39h827c3e9_0
mkl_random=1.2.8=py39hc64d2fc_0
nest-asyncio=1.6.0=pyhd8ed1ab_1
numexpr=2.10.1=py39h4cd664f_0
numpy=2.0.2=py39h055cbcc_0
numpy-base=2.0.2=py39h65a83cf_0
openssl=3.5.4=h725018a_0
packaging=25.0=pyh29332c3_1
pandas=2.3.3=py39ha5e6156_0
parso=0.8.4=pyhd8ed1ab_1
pickleshare=0.7.5=pyhd8ed1ab_1004
pillow=11.3.0=pypi_0
pip=25.2=pyhc872135_1
platformdirs=4.3.8=pyhe01879c_0
prompt-toolkit=3.0.51=pyha770c72_0
psutil=7.0.0=py39ha55e580_0
pure_eval=0.2.3=pyhd8ed1ab_1
pygments=2.19.2=pyhd8ed1ab_0
pyparsing=3.2.5=pypi_0
python=3.9.24=h716150d_1
python-dateutil=2.9.0post0=py39haa95532_2
python-tzdata=2025.2=pyhd3eb1b0_0
python_abi=3.9=2_cp39
pytz=2025.2=py39haa95532_0
pywin32=311=py39h5fb4b08_0
pyzmq=27.0.2=py39h248659b_0
seaborn=0.13.2=pypi_0
setuptools=72.1.0=py39haa95532_0
six=1.17.0=py39haa95532_0
sqlite=3.50.2=hda9a48d_1
stack_data=0.6.3=pyhd8ed1ab_1
tbb=2021.8.0=h59b6b97_0
tk=8.6.15=hf199647_0
tornado=6.5.2=py39h0802e32_0
traitlets=5.14.3=pyhd8ed1ab_1
typing_extensions=4.14.1=pyhe01879c_0
tzdata=2025b=h04d1e81_0
ucrt=10.0.22621.0=haa95532_0
vc=14.3=h2df5915_10
vc14_runtime=14.44.35208=h4927774_10
vs2015_runtime=14.44.35208=ha6b5a95_10
wcwidth=0.2.13=pyhd8ed1ab_1
wheel=0.45.1=py39haa95532_0
xz=5.6.4=h4754444_1
zeromq=4.3.5=h5bddc39_9
zipp=3.23.0=pyhd8ed1ab_0
zlib=1.3.1=h02ab6af_0
